{
 "cells": [
  {
   "attachments": {},
   "cell_type": "markdown",
   "metadata": {},
   "source": [
    "# CS229 Problem Set 1: Supervised Learning\n",
    "Coding Solutions"
   ]
  },
  {
   "attachments": {},
   "cell_type": "markdown",
   "metadata": {},
   "source": [
    "## Task 1: Logistic regression\n",
    "\n",
    "GOAL: Implement the Newton method on binary classification"
   ]
  },
  {
   "cell_type": "code",
   "execution_count": 2,
   "metadata": {},
   "outputs": [
    {
     "name": "stdout",
     "output_type": "stream",
     "text": [
      "Data x:\n",
      " [[ 1.3432504  -1.3311479 ]\n",
      " [ 1.8205529  -0.6346681 ]\n",
      " [ 0.98632067 -1.8885762 ]\n",
      " [ 1.9443734  -1.635452  ]\n",
      " [ 0.97673352 -1.3533151 ]\n",
      " [ 1.9458584  -2.0443278 ]\n",
      " [ 2.1075153  -2.1256684 ]\n",
      " [ 2.070373   -2.4634101 ]\n",
      " [ 0.86864964 -2.4119348 ]\n",
      " [ 1.8006594  -2.7739689 ]\n",
      " [ 3.1283787  -3.4452432 ]\n",
      " [ 3.0947429  -3.6446145 ]\n",
      " [ 2.9086652  -4.0065037 ]\n",
      " [ 2.6770338  -3.0198592 ]\n",
      " [ 2.7458671  -2.7100561 ]\n",
      " [ 4.1714647  -3.4622482 ]\n",
      " [ 3.931322   -2.1099044 ]\n",
      " [ 4.378687   -2.3804743 ]\n",
      " [ 4.8016565  -3.3803344 ]\n",
      " [ 4.166105   -2.8138844 ]\n",
      " [ 2.4670141  -1.6108444 ]\n",
      " [ 3.4826743  -1.5533872 ]\n",
      " [ 3.3652482  -1.8164936 ]\n",
      " [ 2.8772788  -1.8511689 ]\n",
      " [ 3.1090444  -1.6384946 ]\n",
      " [ 2.2183701   0.07427956]\n",
      " [ 1.9949873   0.16268659]\n",
      " [ 2.9500308   0.01687302]\n",
      " [ 2.0216009   0.17227387]\n",
      " [ 2.0486921  -0.63581041]\n",
      " [ 0.87548563 -0.54586168]\n",
      " [ 0.57079941 -0.03327866]\n",
      " [ 1.4266468  -0.75288337]\n",
      " [ 0.72265633 -0.8669193 ]\n",
      " [ 0.95346198 -1.4896956 ]\n",
      " [ 4.8333333   0.07017544]\n",
      " [ 4.3070175   1.4152047 ]\n",
      " [ 6.0321637   0.4502924 ]\n",
      " [ 5.4181287  -2.7076023 ]\n",
      " [ 3.4590643  -2.8245614 ]\n",
      " [ 2.7280702  -0.92397661]\n",
      " [ 1.002924    0.77192982]\n",
      " [ 3.6637427  -0.77777778]\n",
      " [ 4.3070175  -1.0409357 ]\n",
      " [ 3.6929825  -0.10526316]\n",
      " [ 5.7397661  -1.625731  ]\n",
      " [ 4.9795322  -1.5087719 ]\n",
      " [ 6.5        -2.9122807 ]\n",
      " [ 5.2426901   0.91812865]\n",
      " [ 1.6754386   0.56725146]\n",
      " [ 5.1708997   1.2103667 ]\n",
      " [ 4.8795188   1.6081848 ]\n",
      " [ 4.664987    1.0695532 ]\n",
      " [ 4.4934321   1.2351592 ]\n",
      " [ 4.1512967   0.8672126 ]\n",
      " [ 3.717708    1.15172   ]\n",
      " [ 3.6224477   1.3106769 ]\n",
      " [ 3.0606943   1.4857163 ]\n",
      " [ 7.0718465  -0.34961651]\n",
      " [ 6.0391832  -0.24756832]\n",
      " [ 6.674748   -0.12484766]\n",
      " [ 6.8461291   0.25977167]\n",
      " [ 6.4270724  -0.14713863]\n",
      " [ 6.8456065   1.4754967 ]\n",
      " [ 7.7054006   1.6045555 ]\n",
      " [ 6.2870658   2.4156427 ]\n",
      " [ 6.9810956   1.2599865 ]\n",
      " [ 7.0990172   2.2155151 ]\n",
      " [ 5.5275479   0.29968421]\n",
      " [ 5.8303489  -0.21974408]\n",
      " [ 6.3594527   0.23944217]\n",
      " [ 6.1004524  -0.04095741]\n",
      " [ 5.6237412   0.37135914]\n",
      " [ 5.8836969   2.7768186 ]\n",
      " [ 5.5781611   3.0682889 ]\n",
      " [ 7.0050662  -0.25781727]\n",
      " [ 4.4538114   0.83941831]\n",
      " [ 5.6495924   1.3053929 ]\n",
      " [ 4.6337489   1.9467546 ]\n",
      " [ 3.6986847   2.2594084 ]\n",
      " [ 4.1193005   2.547451  ]\n",
      " [ 4.7665558   2.7531209 ]\n",
      " [ 3.0812098   2.7985255 ]\n",
      " [ 4.0730994  -3.0292398 ]\n",
      " [ 3.4883041  -1.8888889 ]\n",
      " [ 0.76900585  1.2105263 ]\n",
      " [ 1.5         3.8128655 ]\n",
      " [ 5.7982456  -2.0935673 ]\n",
      " [ 6.8114529  -0.8345673 ]\n",
      " [ 7.1106096  -1.0201158 ]\n",
      " [ 7.494152   -1.7426901 ]\n",
      " [ 3.1374269   0.42105263]\n",
      " [ 1.6754386   0.50877193]\n",
      " [ 2.494152   -0.86549708]\n",
      " [ 4.7748538   0.09941521]\n",
      " [ 5.8274854  -0.69005848]\n",
      " [ 2.2894737   1.9707602 ]\n",
      " [ 2.494152    1.4152047 ]\n",
      " [ 2.0847953   1.3567251 ]]\n",
      "Data y:\n",
      " [-1. -1. -1. -1. -1. -1. -1. -1. -1. -1. -1. -1. -1. -1. -1. -1. -1. -1.\n",
      " -1. -1. -1. -1. -1. -1. -1. -1. -1. -1. -1. -1. -1. -1. -1. -1. -1. -1.\n",
      " -1. -1. -1. -1. -1. -1. -1. -1. -1. -1. -1. -1. -1. -1.  1.  1.  1.  1.\n",
      "  1.  1.  1.  1.  1.  1.  1.  1.  1.  1.  1.  1.  1.  1.  1.  1.  1.  1.\n",
      "  1.  1.  1.  1.  1.  1.  1.  1.  1.  1.  1.  1.  1.  1.  1.  1.  1.  1.\n",
      "  1.  1.  1.  1.  1.  1.  1.  1.  1.]\n"
     ]
    }
   ],
   "source": [
    "import numpy as np\n",
    "\n",
    "# Step 1: Read the data from the files and store them in NumPy arrays\n",
    "\n",
    "# Read the 'logistic_x' file\n",
    "with open('logistic_x.txt', 'r') as f:\n",
    "    lines = f.readlines()\n",
    "    data_x = np.array([[float(val) for val in line.strip().split()] for line in lines])\n",
    "\n",
    "# Read the 'y' file\n",
    "with open('logistic_y.txt', 'r') as f:\n",
    "    lines = f.readlines()\n",
    "    data_y = np.array([float(val) for val in lines])\n",
    "\n",
    "print(\"Data x:\\n\", data_x)\n",
    "print(\"Data y:\\n\", data_y)"
   ]
  },
  {
   "attachments": {},
   "cell_type": "markdown",
   "metadata": {},
   "source": [
    "First, we try to directly use sklearn to solve this regression:"
   ]
  },
  {
   "cell_type": "code",
   "execution_count": 44,
   "metadata": {},
   "outputs": [
    {
     "name": "stdout",
     "output_type": "stream",
     "text": [
      "Coefficients:  [[0.72363157 1.09850731]]\n",
      "Intercept:  [-2.49723171]\n"
     ]
    }
   ],
   "source": [
    "from sklearn.linear_model import LogisticRegression\n",
    "\n",
    "# Create the logistic regression model\n",
    "logistic_regression_model = LogisticRegression()\n",
    "\n",
    "# Fit the model to the data\n",
    "logistic_regression_model.fit(data_x, data_y)\n",
    "\n",
    "# Get the coefficients and intercept\n",
    "coef = logistic_regression_model.coef_\n",
    "intercept = logistic_regression_model.intercept_\n",
    "\n",
    "print(\"Coefficients: \", coef)\n",
    "print(\"Intercept: \", intercept)"
   ]
  },
  {
   "attachments": {},
   "cell_type": "markdown",
   "metadata": {},
   "source": [
    "Now, we need to implement the algorithm ourselves"
   ]
  },
  {
   "cell_type": "code",
   "execution_count": 61,
   "metadata": {},
   "outputs": [
    {
     "name": "stdout",
     "output_type": "stream",
     "text": [
      "Iteration: 1\n",
      "[[ 24.75        97.10155981  -8.65500126]\n",
      " [ 97.10155981 472.21469823 -17.98935367]\n",
      " [ -8.65500126 -17.98935367  79.93290546]]\n",
      "Loss: 0.2813857604961958\n",
      "Weights: [-0.01525089  0.00439492  0.00627896]\n",
      "Iteration: 2\n",
      "[[ 24.74858086  97.09580263  -8.65451609]\n",
      " [ 97.09580263 472.18494712 -17.99132706]\n",
      " [ -8.65451609 -17.99132706  79.9255679 ]]\n",
      "Loss: 0.171614641144187\n",
      "Weights: [-0.02273258  0.00655096  0.00935931]\n",
      "Iteration: 3\n",
      "[[ 24.7468472   97.08876957  -8.65392334]\n",
      " [ 97.08876957 472.14860312 -17.99373722]\n",
      " [ -8.65392334 -17.99373722  79.91660444]]\n",
      "Loss: 0.12339071224650841\n",
      "Weights: [-0.02754366  0.00793741  0.01134015]\n",
      "Iteration: 4\n",
      "[[ 24.74537181  97.08278428  -8.65341884]\n",
      " [ 97.08278428 472.11767393 -17.99578782]\n",
      " [ -8.65341884 -17.99578782  79.9089765 ]]\n",
      "Loss: 0.09635752326304099\n",
      "Weights: [-0.0310855   0.00895809  0.01279844]\n",
      "Iteration: 5\n",
      "[[ 24.74410534  97.07764664  -8.65298576]\n",
      " [ 97.07764664 472.09112524 -17.99754765]\n",
      " [ -8.65298576 -17.99754765  79.90242898]]\n",
      "Loss: 0.07906221935451617\n",
      "Weights: [-0.03388857  0.00976588  0.01395257]\n",
      "Iteration: 6\n",
      "[[ 24.7429947   97.07314113  -8.65260593]\n",
      " [ 97.07314113 472.06784332 -17.99909067]\n",
      " [ -8.65260593 -17.99909067  79.89668716]]\n",
      "Loss: 0.06704283829343967\n",
      "Weights: [-0.03620837  0.0104344   0.01490773]\n",
      "Iteration: 7\n",
      "[[ 24.74200316  97.06911882  -8.65226681]\n",
      " [ 97.06911882 472.04705847 -18.00046799]\n",
      " [ -8.65226681 -18.00046799  79.89156121]]\n",
      "Loss: 0.05820267734867542\n",
      "Weights: [-0.03818736  0.01100471  0.01572257]\n",
      "Iteration: 8\n",
      "[[ 24.7411055   97.06547736  -8.65195979]\n",
      " [ 97.06547736 472.02824176 -18.00171473]\n",
      " [ -8.65195979 -18.00171473  79.88692068]]\n",
      "Loss: 0.05142649699514769\n",
      "Weights: [-0.03991304  0.01150202  0.01643312]\n",
      "Iteration: 9\n",
      "[[ 24.74028382  97.06214417  -8.65167874]\n",
      " [ 97.06214417 472.01101807 -18.00285578]\n",
      " [ -8.65167874 -18.00285578  79.88267303]]\n",
      "Loss: 0.04606632398707783\n",
      "Weights: [-0.04144303  0.01194294  0.0170631 ]\n",
      "Iteration: 10\n",
      "[[ 24.73952502  97.05906602  -8.65141918]\n",
      " [ 97.05906602 471.99511235 -18.00390939]\n",
      " [ -8.65141918 -18.00390939  79.87875045]]\n",
      "Loss: 0.041719871987504924\n",
      "Weights: [-0.04281726  0.01233897  0.01762895]\n",
      "Iteration: 11\n",
      "[[ 24.73881917  97.05620272  -8.65117773]\n",
      " [ 97.05620272 471.98031696 -18.00488936]\n",
      " [ -8.65117773 -18.00488936  79.8751017 ]]\n",
      "Loss: 0.03812414337607557\n",
      "Weights: [-0.04406458  0.01269843  0.01814255]\n",
      "Iteration: 12\n",
      "[[ 24.73815862  97.05352318  -8.65095176]\n",
      " [ 97.05352318 471.96647114 -18.00580634]\n",
      " [ -8.65095176 -18.00580634  79.87168715]]\n",
      "Loss: 0.03509992634041987\n",
      "Weights: [-0.04520649  0.01302751  0.01861274]\n",
      "Iteration: 13\n",
      "[[ 24.7375373   97.0510028   -8.65073921]\n",
      " [ 97.0510028  471.95344777 -18.00666877]\n",
      " [ -8.65073921 -18.00666877  79.86847544]]\n",
      "Loss: 0.03252087849446511\n",
      "Weights: [-0.04625945  0.01333096  0.01904631]\n",
      "Iteration: 14\n",
      "[[ 24.73695033  97.04862176  -8.6505384 ]\n",
      " [ 97.04862176 471.94114447 -18.00748345]\n",
      " [ -8.6505384  -18.00748345  79.86544132]]\n",
      "Loss: 0.03029536245025342\n",
      "Weights: [-0.04723632  0.01361248  0.01944856]\n",
      "Iteration: 15\n",
      "[[ 24.73639371  97.04636385  -8.65034797]\n",
      " [ 97.04636385 471.92947749 -18.00825593]\n",
      " [ -8.65034797 -18.00825593  79.86256413]]\n",
      "Loss: 0.028355290707645513\n",
      "Weights: [-0.04814739  0.01387504  0.01982371]\n",
      "Iteration: 16\n",
      "[[ 24.73586414  97.04421564  -8.65016678]\n",
      " [ 97.04421564 471.91837739 -18.00899081]\n",
      " [ -8.65016678 -18.00899081  79.85982676]]\n",
      "Loss: 0.02664901443261236\n",
      "Weights: [-0.04900098  0.01412103  0.0201752 ]\n",
      "Iteration: 17\n",
      "[[ 24.73535882  97.04216586  -8.64999389]\n",
      " [ 97.04216586 471.90778589 -18.00969198]\n",
      " [ -8.64999389 -18.00969198  79.85721481]]\n",
      "Loss: 0.02513664295886955\n",
      "Weights: [-0.0498039   0.01435243  0.02050582]\n",
      "Iteration: 18\n",
      "[[ 24.73487541  97.04020493  -8.64982849]\n",
      " [ 97.04020493 471.89765358 -18.0103627 ]\n",
      " [ -8.64982849 -18.0103627   79.85471612]]\n",
      "Loss: 0.02378687673882587\n",
      "Weights: [-0.05056186  0.01457086  0.02081793]\n",
      "Iteration: 19\n",
      "[[ 24.73441189  97.03832468  -8.64966989]\n",
      " [ 97.03832468 471.88793816 -18.01100578]\n",
      " [ -8.64966989 -18.01100578  79.85232024]]\n",
      "Loss: 0.02257481188825863\n",
      "Weights: [-0.05127962  0.01477771  0.02111349]\n",
      "Iteration: 20\n",
      "[[ 24.73396651  97.03651805  -8.64951749]\n",
      " [ 97.03651805 471.87860314 -18.01162364]\n",
      " [ -8.64951749 -18.01162364  79.85001818]]\n",
      "Loss: 0.021480385426376127\n",
      "Weights: [-0.05196124  0.01497415  0.02139417]\n",
      "Iteration: 21\n",
      "[[ 24.73353776  97.03477888  -8.64937078]\n",
      " [ 97.03477888 471.86961676 -18.01221839]\n",
      " [ -8.64937078 -18.01221839  79.8478021 ]]\n",
      "Loss: 0.02048725315086161\n",
      "Weights: [-0.05261019  0.01516117  0.0216614 ]\n",
      "Iteration: 22\n",
      "[[ 24.73312432  97.0331018   -8.64922931]\n",
      " [ 97.0331018  471.86095125 -18.01279186]\n",
      " [ -8.64922931 -18.01279186  79.84566515]]\n",
      "Loss: 0.019581965893842295\n",
      "Weights: [-0.05322945  0.01533963  0.0219164 ]\n",
      "Iteration: 23\n",
      "[[ 24.73272502  97.03148209  -8.64909267]\n",
      " [ 97.03148209 471.85258213 -18.01334569]\n",
      " [ -8.64909267 -18.01334569  79.84360131]]\n",
      "Loss: 0.018753355503790748\n",
      "Weights: [-0.05382164  0.0155103   0.02216026]\n",
      "Iteration: 24\n",
      "[[ 24.73233882  97.02991553  -8.64896051]\n",
      " [ 97.02991553 471.84448773 -18.01388131]\n",
      " [ -8.64896051 -18.01388131  79.84160521]]\n",
      "Loss: 0.017992070781398806\n",
      "Weights: [-0.05438902  0.01567381  0.0223939 ]\n",
      "Iteration: 25\n",
      "[[ 24.73196481  97.0283984   -8.64883252]\n",
      " [ 97.0283984  471.83664874 -18.0144    ]\n",
      " [ -8.64883252 -18.0144      79.8396721 ]]\n",
      "Loss: 0.01729022230737513\n",
      "Weights: [-0.05493359  0.01583075  0.02261815]\n",
      "Iteration: 26\n",
      "[[ 24.73160216  97.02692736  -8.64870841]\n",
      " [ 97.02692736 471.82904791 -18.01490291]\n",
      " [ -8.64870841 -18.01490291  79.83779773]]\n",
      "Loss: 0.016641107468648726\n",
      "Weights: [-0.05545711  0.01598162  0.02283373]\n",
      "Iteration: 27\n",
      "[[ 24.73125013  97.02549941  -8.64858794]\n",
      " [ 97.02549941 471.82166973 -18.01539106]\n",
      " [ -8.64858794 -18.01539106  79.83597827]]\n",
      "Loss: 0.01603899531826767\n",
      "Weights: [-0.05596115  0.01612688  0.02304129]\n",
      "Iteration: 28\n",
      "[[ 24.73090805  97.02411184  -8.64847087]\n",
      " [ 97.02411184 471.81450021 -18.01586538]\n",
      " [ -8.64847087 -18.01586538  79.83421027]]\n",
      "Loss: 0.015478956608208938\n",
      "Weights: [-0.05644711  0.01626693  0.02324141]\n",
      "Iteration: 29\n",
      "[[ 24.73057533  97.0227622   -8.648357  ]\n",
      " [ 97.0227622  471.8075267  -18.01632671]\n",
      " [ -8.648357   -18.01632671  79.83249061]]\n",
      "Loss: 0.014956728301516732\n",
      "Weights: [-0.05691625  0.01640214  0.02343459]\n",
      "Iteration: 30\n",
      "[[ 24.7302514   97.02144826  -8.64824614]\n",
      " [ 97.02144826 471.80073768 -18.01677581]\n",
      " [ -8.64824614 -18.01677581  79.83081645]]\n",
      "Loss: 0.0144686046690452\n",
      "Weights: [-0.05736969  0.01653281  0.02362132]\n",
      "Iteration: 31\n",
      "[[ 24.72993578  97.020168    -8.64813811]\n",
      " [ 97.020168   471.79412268 -18.01721339]\n",
      " [ -8.64813811 -18.01721339  79.82918521]]\n",
      "Loss: 0.014011349076824633\n",
      "Weights: [-0.05780844  0.01665926  0.023802  ]\n",
      "Iteration: 32\n",
      "[[ 24.729628    97.01891956  -8.64803277]\n",
      " [ 97.01891956 471.78767211 -18.01764006]\n",
      " [ -8.64803277 -18.01764006  79.82759451]]\n",
      "Loss: 0.01358212201784887\n",
      "Weights: [-0.05823343  0.01678174  0.02397701]\n",
      "Iteration: 33\n",
      "[[ 24.72932765  97.01770124  -8.64792997]\n",
      " [ 97.01770124 471.78137719 -18.01805643]\n",
      " [ -8.64792997 -18.01805643  79.82604221]]\n",
      "Loss: 0.013178422001635515\n",
      "Weights: [-0.05864551  0.0169005   0.0241467 ]\n",
      "Iteration: 34\n",
      "[[ 24.72903433  97.01651148  -8.64782958]\n",
      " [ 97.01651148 471.77522984 -18.01846301]\n",
      " [ -8.64782958 -18.01846301  79.82452629]]\n",
      "Loss: 0.01279803669860674\n",
      "Weights: [-0.05904542  0.01701575  0.02431139]\n",
      "Iteration: 35\n",
      "[[ 24.7287477   97.01534884  -8.64773148]\n",
      " [ 97.01534884 471.76922262 -18.01886031]\n",
      " [ -8.64773148 -18.01886031  79.82304494]]\n",
      "Loss: 0.0124390023217088\n",
      "Weights: [-0.05943387  0.0171277   0.02447135]\n",
      "Iteration: 36\n",
      "[[ 24.72846743  97.01421198  -8.64763555]\n",
      " [ 97.01421198 471.76334867 -18.01924878]\n",
      " [ -8.64763555 -18.01924878  79.82159645]]\n",
      "Loss: 0.01209956966900728\n",
      "Weights: [-0.0598115   0.01723653  0.02462686]\n",
      "Iteration: 37\n",
      "[[ 24.72819321  97.01309969  -8.64754168]\n",
      " [ 97.01309969 471.75760161 -18.01962885]\n",
      " [ -8.64754168 -18.01962885  79.82017926]]\n",
      "Loss: 0.011778175586580649\n",
      "Weights: [-0.06017889  0.01734241  0.02477816]\n",
      "Iteration: 38\n",
      "[[ 24.72792477  97.01201081  -8.6474498 ]\n",
      " [ 97.01201081 471.75197556 -18.02000089]\n",
      " [ -8.6474498  -18.02000089  79.8187919 ]]\n",
      "Loss: 0.011473418868335118\n",
      "Weights: [-0.06053659  0.0174455   0.02492546]\n",
      "Iteration: 39\n",
      "[[ 24.72766184  97.01094429  -8.6473598 ]\n",
      " [ 97.01094429 471.74646502 -18.02036529]\n",
      " [ -8.6473598  -18.02036529  79.81743304]]\n",
      "Loss: 0.011184039808122012\n",
      "Weights: [-0.06088509  0.01754593  0.02506898]\n",
      "Iteration: 40\n",
      "[[ 24.72740417  97.00989913  -8.6472716 ]\n",
      " [ 97.00989913 471.74106489 -18.02072237]\n",
      " [ -8.6472716  -18.02072237  79.81610141]]\n",
      "Loss: 0.010908902774233419\n",
      "Weights: [-0.06122486  0.01764385  0.0252089 ]\n",
      "Iteration: 41\n",
      "[[ 24.72715154  97.00887442  -8.64718512]\n",
      " [ 97.00887442 471.73577041 -18.02107245]\n",
      " [ -8.64718512 -18.02107245  79.81479582]]\n",
      "Loss: 0.010646981297542293\n",
      "Weights: [-0.06155632  0.01773938  0.0253454 ]\n",
      "Iteration: 42\n",
      "[[ 24.72690374  97.00786929  -8.6471003 ]\n",
      " [ 97.00786929 471.73057713 -18.02141583]\n",
      " [ -8.6471003  -18.02141583  79.8135152 ]]\n",
      "Loss: 0.010397345260131509\n",
      "Weights: [-0.06187987  0.01783262  0.02547864]\n",
      "Iteration: 43\n",
      "[[ 24.72666057  97.00688294  -8.64701706]\n",
      " [ 97.00688294 471.72548088 -18.02175278]\n",
      " [ -8.64701706 -18.02175278  79.8122585 ]]\n",
      "Loss: 0.010159149847092888\n",
      "Weights: [-0.06219588  0.0179237   0.02560878]\n",
      "Iteration: 44\n",
      "[[ 24.72642185  97.00591462  -8.64693533]\n",
      " [ 97.00591462 471.72047775 -18.02208356]\n",
      " [ -8.64693533 -18.02208356  79.81102477]]\n",
      "Loss: 0.009931625984711244\n",
      "Weights: [-0.06250469  0.01801269  0.02573595]\n",
      "Iteration: 45\n",
      "[[ 24.72618739  97.0049636   -8.64685507]\n",
      " [ 97.0049636  471.71556408 -18.02240842]\n",
      " [ -8.64685507 -18.02240842  79.80981311]]\n",
      "Loss: 0.009714072036812536\n",
      "Weights: [-0.06280662  0.01809971  0.02586029]\n",
      "Iteration: 46\n",
      "[[ 24.72595703  97.00402923  -8.64677621]\n",
      " [ 97.00402923 471.71073642 -18.02272758]\n",
      " [ -8.64677621 -18.02272758  79.80862265]]\n",
      "Loss: 0.009505846570254049\n",
      "Weights: [-0.06310198  0.01818483  0.02598193]\n",
      "Iteration: 47\n",
      "[[ 24.72573062  97.00311088  -8.64669871]\n",
      " [ 97.00311088 471.70599153 -18.02304125]\n",
      " [ -8.64669871 -18.02304125  79.80745261]]\n",
      "Loss: 0.009306362032311822\n",
      "Weights: [-0.06339104  0.01826814  0.02610097]\n",
      "Iteration: 48\n",
      "[[ 24.72550802  97.00220796  -8.6466225 ]\n",
      " [ 97.00220796 471.70132635 -18.02334965]\n",
      " [ -8.6466225  -18.02334965  79.80630222]]\n",
      "Loss: 0.009115079208601924\n",
      "Weights: [-0.06367407  0.0183497   0.02621752]\n",
      "Iteration: 49\n",
      "[[ 24.72528908  97.0013199   -8.64654755]\n",
      " [ 97.0013199  471.696738   -18.02365296]\n",
      " [ -8.64654755 -18.02365296  79.80517078]]\n",
      "Loss: 0.008931502351376396\n",
      "Weights: [-0.06395131  0.0184296   0.02633169]\n",
      "Iteration: 50\n",
      "[[ 24.72507367  97.00044618  -8.64647381]\n",
      " [ 97.00044618 471.69222374 -18.02395136]\n",
      " [ -8.64647381 -18.02395136  79.80405761]]\n",
      "Loss: 0.008755174885444465\n",
      "Weights: [-0.06422299  0.0185079   0.02644358]\n",
      "Iteration: 51\n",
      "[[ 24.72486168  96.99958631  -8.64640123]\n",
      " [ 96.99958631 471.687781   -18.02424503]\n",
      " [ -8.64640123 -18.02424503  79.80296208]]\n",
      "Loss: 0.008585675613356606\n",
      "Weights: [-0.06448934  0.01858467  0.02655327]\n",
      "Iteration: 52\n",
      "[[ 24.72465298  96.9987398   -8.64632978]\n",
      " [ 96.9987398  471.68340734 -18.02453412]\n",
      " [ -8.64632978 -18.02453412  79.80188359]]\n",
      "Loss: 0.008422615353410372\n",
      "Weights: [-0.06475056  0.01865995  0.02666085]\n",
      "Iteration: 53\n",
      "[[ 24.72444747  96.99790621  -8.64625942]\n",
      " [ 96.99790621 471.67910044 -18.02481879]\n",
      " [ -8.64625942 -18.02481879  79.80082156]]\n",
      "Loss: 0.00826563395394743\n",
      "Weights: [-0.06500685  0.01873381  0.02676639]\n",
      "Iteration: 54\n",
      "[[ 24.72424504  96.99708512  -8.64619012]\n",
      " [ 96.99708512 471.67485811 -18.02509918]\n",
      " [ -8.64619012 -18.02509918  79.79977545]]\n",
      "Loss: 0.008114397635706315\n",
      "Weights: [-0.06525837  0.0188063   0.02686997]\n",
      "Iteration: 55\n",
      "[[ 24.72404559  96.99627611  -8.64612183]\n",
      " [ 96.99627611 471.67067826 -18.02537544]\n",
      " [ -8.64612183 -18.02537544  79.79874475]]\n",
      "Loss: 0.007968596620923023\n",
      "Weights: [-0.06550532  0.01887747  0.02697167]\n",
      "Iteration: 56\n",
      "[[ 24.72384902  96.99547882  -8.64605453]\n",
      " [ 96.99547882 471.6665589  -18.02564769]\n",
      " [ -8.64605453 -18.02564769  79.79772897]]\n",
      "Loss: 0.007827943013725474\n",
      "Weights: [-0.06574786  0.01894737  0.02707156]\n",
      "Iteration: 57\n",
      "[[ 24.72365525  96.99469287  -8.64598819]\n",
      " [ 96.99469287 471.66249815 -18.02591606]\n",
      " [ -8.64598819 -18.02591606  79.79672765]]\n",
      "Loss: 0.00769216890127565\n",
      "Weights: [-0.06598613  0.01901604  0.02716968]\n",
      "Iteration: 58\n",
      "[[ 24.7234642   96.99391791  -8.64592278]\n",
      " [ 96.99391791 471.65849421 -18.02618067]\n",
      " [ -8.64592278 -18.02618067  79.79574033]]\n",
      "Loss: 0.0075610246492995616\n",
      "Weights: [-0.06622029  0.01908352  0.02726611]\n",
      "Iteration: 59\n",
      "[[ 24.72327577  96.99315362  -8.64585826]\n",
      " [ 96.99315362 471.65454537 -18.02644162]\n",
      " [ -8.64585826 -18.02644162  79.7947666 ]]\n",
      "Loss: 0.00743427736917238\n",
      "Weights: [-0.06645047  0.01914986  0.02736091]\n",
      "Iteration: 60\n",
      "[[ 24.72308989  96.99239967  -8.64579462]\n",
      " [ 96.99239967 471.65064999 -18.02669904]\n",
      " [ -8.64579462 -18.02669904  79.79380605]]\n",
      "Loss: 0.007311709536743827\n",
      "Weights: [-0.06667681  0.01921509  0.02745413]\n",
      "Iteration: 61\n",
      "[[ 24.72290648  96.99165577  -8.64573182]\n",
      " [ 96.99165577 471.64680652 -18.02695303]\n",
      " [ -8.64573182 -18.02695303  79.79285831]]\n",
      "Loss: 0.007193117745665225\n",
      "Weights: [-0.06689944  0.01927925  0.02754581]\n",
      "Iteration: 62\n",
      "[[ 24.72272549  96.99092162  -8.64566985]\n",
      " [ 96.99092162 471.64301345 -18.02720367]\n",
      " [ -8.64566985 -18.02720367  79.791923  ]]\n",
      "Loss: 0.007078311580176911\n",
      "Weights: [-0.06711847  0.01934238  0.02763601]\n",
      "Iteration: 63\n",
      "[[ 24.72254683  96.99019696  -8.64560868]\n",
      " [ 96.99019696 471.63926937 -18.02745107]\n",
      " [ -8.64560868 -18.02745107  79.79099976]]\n",
      "Loss: 0.006967112594210386\n",
      "Weights: [-0.06733402  0.0194045   0.02772479]\n",
      "Iteration: 64\n",
      "[[ 24.72237044  96.98948151  -8.64554828]\n",
      " [ 96.98948151 471.63557292 -18.02769532]\n",
      " [ -8.64554828 -18.02769532  79.79008828]]\n",
      "Loss: 0.006859353385289481\n",
      "Weights: [-0.0675462   0.01946565  0.02781217]\n",
      "Iteration: 65\n",
      "[[ 24.72219626  96.98877502  -8.64548864]\n",
      " [ 96.98877502 471.63192278 -18.0279365 ]\n",
      " [ -8.64548864 -18.0279365   79.78918821]]\n",
      "Loss: 0.0067548767531103865\n",
      "Weights: [-0.06775511  0.01952586  0.0278982 ]\n",
      "Iteration: 66\n",
      "[[ 24.72202423  96.98807726  -8.64542974]\n",
      " [ 96.98807726 471.62831771 -18.0281747 ]\n",
      " [ -8.64542974 -18.0281747   79.78829926]]\n",
      "Loss: 0.006653534933908085\n",
      "Weights: [-0.06796086  0.01958515  0.02798294]\n",
      "Iteration: 67\n",
      "[[ 24.72185429  96.98738798  -8.64537155]\n",
      " [ 96.98738798 471.6247565  -18.02841   ]\n",
      " [ -8.64537155 -18.02841     79.78742112]]\n",
      "Loss: 0.006555188902759207\n",
      "Weights: [-0.06816352  0.01964356  0.0280664 ]\n",
      "Iteration: 68\n",
      "[[ 24.72168639  96.98670697  -8.64531406]\n",
      " [ 96.98670697 471.62123801 -18.02864246]\n",
      " [ -8.64531406 -18.02864246  79.78655352]]\n",
      "Loss: 0.006459707736889958\n",
      "Weights: [-0.06836321  0.01970111  0.02814864]\n",
      "Iteration: 69\n",
      "[[ 24.72152048  96.98603402  -8.64525725]\n",
      " [ 96.98603402 471.61776113 -18.02887217]\n",
      " [ -8.64525725 -18.02887217  79.78569618]]\n",
      "Loss: 0.006366968033857032\n",
      "Weights: [-0.06856     0.01975782  0.02822968]\n",
      "Iteration: 70\n",
      "[[ 24.7213565   96.98536891  -8.6452011 ]\n",
      " [ 96.98536891 471.6143248  -18.0290992 ]\n",
      " [ -8.6452011  -18.0290992   79.78484884]]\n",
      "Loss: 0.0062768533791602785\n",
      "Weights: [-0.06875397  0.01981373  0.02830957]\n",
      "Iteration: 71\n",
      "[[ 24.72119441  96.98471145  -8.6451456 ]\n",
      " [ 96.98471145 471.610928   -18.02932361]\n",
      " [ -8.6451456  -18.02932361  79.78401125]]\n",
      "Loss: 0.006189253858455245\n",
      "Weights: [-0.06894521  0.01986884  0.02838833]\n",
      "Iteration: 72\n",
      "[[ 24.72103416  96.98406146  -8.64509072]\n",
      " [ 96.98406146 471.60756976 -18.02954547]\n",
      " [ -8.64509072 -18.02954547  79.78318317]]\n",
      "Loss: 0.006104065610066965\n",
      "Weights: [-0.06913379  0.01992319  0.028466  ]\n",
      "Iteration: 73\n",
      "[[ 24.7208757   96.98341874  -8.64503646]\n",
      " [ 96.98341874 471.60424912 -18.02976484]\n",
      " [ -8.64503646 -18.02976484  79.78236436]]\n",
      "Loss: 0.0060211904139726505\n",
      "Weights: [-0.06931979  0.0199768   0.0285426 ]\n",
      "Iteration: 74\n",
      "[[ 24.72071899  96.98278312  -8.6449828 ]\n",
      " [ 96.98278312 471.60096518 -18.02998178]\n",
      " [ -8.6449828  -18.02998178  79.7815546 ]]\n",
      "Loss: 0.005940535313830896\n",
      "Weights: [-0.06950327  0.02002968  0.02861816]\n",
      "Iteration: 75\n",
      "[[ 24.72056399  96.98215444  -8.64492972]\n",
      " [ 96.98215444 471.59771707 -18.03019634]\n",
      " [ -8.64492972 -18.03019634  79.78075368]]\n",
      "Loss: 0.0058620122690007225\n",
      "Weights: [-0.0696843   0.02008185  0.02869272]\n",
      "Iteration: 76\n",
      "[[ 24.72041066  96.98153253  -8.64487721]\n",
      " [ 96.98153253 471.59450394 -18.0304086 ]\n",
      " [ -8.64487721 -18.0304086   79.77996138]]\n",
      "Loss: 0.005785537833807331\n",
      "Weights: [-0.06986294  0.02013334  0.02876629]\n",
      "Iteration: 77\n",
      "[[ 24.72025896  96.98091723  -8.64482527]\n",
      " [ 96.98091723 471.59132498 -18.03061859]\n",
      " [ -8.64482527 -18.03061859  79.77917751]]\n",
      "Loss: 0.005711032861600136\n",
      "Weights: [-0.07003927  0.02018415  0.02883891]\n",
      "Iteration: 78\n",
      "[[ 24.72010886  96.9803084   -8.64477386]\n",
      " [ 96.9803084  471.58817941 -18.03082637]\n",
      " [ -8.64477386 -18.03082637  79.77840187]]\n",
      "Loss: 0.005638422231394129\n",
      "Weights: [-0.07021333  0.02023432  0.0289106 ]\n",
      "Iteration: 79\n",
      "[[ 24.71996031  96.97970588  -8.64472299]\n",
      " [ 96.97970588 471.58506647 -18.03103199]\n",
      " [ -8.64472299 -18.03103199  79.77763428]]\n",
      "Loss: 0.005567634595107778\n",
      "Weights: [-0.07038519  0.02028385  0.02898137]\n",
      "Iteration: 80\n",
      "[[ 24.71981328  96.97910953  -8.64467264]\n",
      " [ 96.97910953 471.58198544 -18.0312355 ]\n",
      " [ -8.64467264 -18.0312355   79.77687456]]\n",
      "Loss: 0.00549860214361393\n",
      "Weights: [-0.0705549   0.02033276  0.02905127]\n",
      "Iteration: 81\n",
      "[[ 24.71966774  96.97851922  -8.6446228 ]\n",
      " [ 96.97851922 471.5789356  -18.03143694]\n",
      " [ -8.6446228  -18.03143694  79.77612254]]\n",
      "Loss: 0.005431260389984246\n",
      "Weights: [-0.07072251  0.02038106  0.0291203 ]\n",
      "Iteration: 82\n",
      "[[ 24.71952366  96.97793482  -8.64457346]\n",
      " [ 96.97793482 471.57591628 -18.03163636]\n",
      " [ -8.64457346 -18.03163636  79.77537803]]\n",
      "Loss: 0.005365547968474377\n",
      "Weights: [-0.07088808  0.02042878  0.02918848]\n",
      "Iteration: 83\n",
      "[[ 24.719381    96.9773562   -8.64452461]\n",
      " [ 96.9773562  471.57292683 -18.03183381]\n",
      " [ -8.64452461 -18.03183381  79.7746409 ]]\n",
      "Loss: 0.005301406447931049\n",
      "Weights: [-0.07105165  0.02047592  0.02925585]\n",
      "Iteration: 84\n",
      "[[ 24.71923974  96.97678323  -8.64447623]\n",
      " [ 96.97678323 471.56996659 -18.03202932]\n",
      " [ -8.64447623 -18.03202932  79.77391096]]\n",
      "Loss: 0.005238780158428323\n",
      "Weights: [-0.07121327  0.0205225   0.02932241]\n",
      "Iteration: 85\n",
      "[[ 24.71909984  96.9762158   -8.64442832]\n",
      " [ 96.9762158  471.56703497 -18.03222294]\n",
      " [ -8.64442832 -18.03222294  79.77318809]]\n",
      "Loss: 0.005177616030050583\n",
      "Weights: [-0.07137298  0.02056853  0.02938819]\n",
      "Iteration: 86\n",
      "[[ 24.71896128  96.97565379  -8.64438086]\n",
      " [ 96.97565379 471.56413135 -18.03241471]\n",
      " [ -8.64438086 -18.03241471  79.77247212]]\n",
      "Loss: 0.005117863442842836\n",
      "Weights: [-0.07153084  0.02061403  0.02945321]\n",
      "Iteration: 87\n",
      "[[ 24.71882402  96.97509709  -8.64433386]\n",
      " [ 96.97509709 471.56125517 -18.03260466]\n",
      " [ -8.64433386 -18.03260466  79.77176292]]\n",
      "Loss: 0.005059474087032222\n",
      "Weights: [-0.07168689  0.020659    0.02951747]\n",
      "Iteration: 88\n",
      "[[ 24.71868805  96.97454559  -8.64428729]\n",
      " [ 96.97454559 471.55840587 -18.03279283]\n",
      " [ -8.64428729 -18.03279283  79.77106034]]\n",
      "Loss: 0.0050024018327157836\n",
      "Weights: [-0.07184116  0.02070346  0.02958101]\n",
      "Iteration: 89\n",
      "[[ 24.71855334  96.97399919  -8.64424116]\n",
      " [ 96.97399919 471.55558291 -18.03297926]\n",
      " [ -8.64424116 -18.03297926  79.77036426]]\n",
      "Loss: 0.004946602608267098\n",
      "Weights: [-0.07199369  0.02074742  0.02964383]\n",
      "Iteration: 90\n",
      "[[ 24.71841985  96.97345778  -8.64419544]\n",
      " [ 96.97345778 471.55278575 -18.03316398]\n",
      " [ -8.64419544 -18.03316398  79.76967455]]\n",
      "Loss: 0.004892034286796143\n",
      "Weights: [-0.07214453  0.0207909   0.02970595]\n",
      "Iteration: 91\n",
      "[[ 24.71828758  96.97292128  -8.64415014]\n",
      " [ 96.97292128 471.5500139  -18.03334703]\n",
      " [ -8.64415014 -18.03334703  79.76899107]]\n",
      "Loss: 0.0048386565800416035\n",
      "Weights: [-0.07229371  0.02083389  0.02976739]\n",
      "Iteration: 92\n",
      "[[ 24.71815649  96.97238957  -8.64410524]\n",
      " [ 96.97238957 471.54726686 -18.03352843]\n",
      " [ -8.64410524 -18.03352843  79.76831371]]\n",
      "Loss: 0.0047864309391371\n",
      "Weights: [-0.07244127  0.02087642  0.02982817]\n",
      "Iteration: 93\n",
      "[[ 24.71802655  96.97186257  -8.64406074]\n",
      " [ 96.97186257 471.54454415 -18.03370823]\n",
      " [ -8.64406074 -18.03370823  79.76764236]]\n",
      "Loss: 0.004735320461734645\n",
      "Weights: [-0.07258724  0.02091849  0.02988829]\n",
      "Iteration: 94\n",
      "[[ 24.71789776  96.97134019  -8.64401663]\n",
      " [ 96.97134019 471.54184531 -18.03388644]\n",
      " [ -8.64401663 -18.03388644  79.76697689]]\n",
      "Loss: 0.004685289805018449\n",
      "Weights: [-0.07273166  0.02096011  0.02994776]\n",
      "Iteration: 95\n",
      "[[ 24.71777009  96.97082234  -8.64397291]\n",
      " [ 96.97082234 471.53916989 -18.03406311]\n",
      " [ -8.64397291 -18.03406311  79.76631719]]\n",
      "Loss: 0.004636305104175827\n",
      "Weights: [-0.07287456  0.02100129  0.03000662]\n",
      "Iteration: 96\n",
      "[[ 24.71764351  96.97030894  -8.64392955]\n",
      " [ 96.97030894 471.53651744 -18.03423825]\n",
      " [ -8.64392955 -18.03423825  79.76566316]]\n",
      "Loss: 0.0045883338959284165\n",
      "Weights: [-0.07301597  0.02104205  0.03006486]\n",
      "Iteration: 97\n",
      "[[ 24.717518    96.96979991  -8.64388657]\n",
      " [ 96.96979991 471.53388755 -18.0344119 ]\n",
      " [ -8.64388657 -18.0344119   79.76501469]]\n",
      "Loss: 0.004541345046764911\n",
      "Weights: [-0.07315591  0.02108238  0.03012249]\n",
      "Iteration: 98\n",
      "[[ 24.71739356  96.96929516  -8.64384395]\n",
      " [ 96.96929516 471.5312798  -18.03458409]\n",
      " [ -8.64384395 -18.03458409  79.76437168]]\n",
      "Loss: 0.0044953086855382685\n",
      "Weights: [-0.07329443  0.0211223   0.03017954]\n",
      "Iteration: 99\n",
      "[[ 24.71727015  96.96879462  -8.64380168]\n",
      " [ 96.96879462 471.52869379 -18.03475484]\n",
      " [ -8.64380168 -18.03475484  79.76373404]]\n",
      "Loss: 0.0044501961401215906\n",
      "Weights: [-0.07343155  0.02116182  0.03023602]\n",
      "Iteration: 100\n",
      "[[ 24.71714776  96.96829821  -8.64375976]\n",
      " [ 96.96829821 471.52612913 -18.03492418]\n",
      " [ -8.64375976 -18.03492418  79.76310166]]\n",
      "Loss: 0.0044059798778409605\n",
      "Weights: [-0.0735673   0.02120094  0.03029193]\n",
      "Final Weights: [-0.0735673   0.02120094  0.03029193]\n"
     ]
    }
   ],
   "source": [
    "import numpy as np\n",
    "\n",
    "def sigmoid(z):\n",
    "    return 1 / (1 + np.exp(-z))\n",
    "\n",
    "def calculate_gradient(X, y, weights):\n",
    "    # Calculate the gradient of the log-likelihood function with respect to the weights\n",
    "    m = len(y)\n",
    "    \n",
    "    gradient = np.dot(X.T, (sigmoid(np.dot(weights.T, np.dot(y, X))) * y - y)) / m\n",
    "    return gradient\n",
    "\n",
    "def calculate_hessian(X, y, weights):\n",
    "    # Calculate the Hessian matrix of the log-likelihood function with respect to the weights\n",
    "    m, n = X.shape\n",
    "    diagn = []\n",
    "    \n",
    "    for i in range(m):\n",
    "        predictions = sigmoid(y[i] * np.dot(weights, X[i, :]))\n",
    "        diagonal_elements = predictions * (1 - predictions)\n",
    "        diagn.append(diagonal_elements)\n",
    "\n",
    "    hessian_diag = np.diag(diagn)\n",
    "\n",
    "    hessian = np.dot(X.T, hessian_diag).dot(X)\n",
    "\n",
    "    print(hessian)\n",
    "    return hessian\n",
    "\n",
    "def calc_loss(X, y, weights):\n",
    "    m, n = X.shape\n",
    "    ret = np.log(1 + np.exp(-np.dot(weights.T, np.dot(y, X))))\n",
    "    return ret\n",
    "\n",
    "def newton_logistic_regression(X, y, max_iterations=100, tolerance=1e-6):\n",
    "    # Step 1: Initialize the model's parameters (weights and bias)\n",
    "    num_features = X.shape[1]\n",
    "    weights = np.zeros(num_features)\n",
    "\n",
    "    for i in range(max_iterations):\n",
    "        print(f\"Iteration: {i + 1}\")\n",
    "        # Step 2: Calculate the gradient and Hessian\n",
    "        gradient = calculate_gradient(X, y, weights)\n",
    "        hessian = calculate_hessian(X, y, weights)\n",
    "\n",
    "        # Step 3: Update the parameters using the Newton method update formula\n",
    "        weights_change = np.dot(np.linalg.inv(hessian), gradient)\n",
    "        weights -= weights_change\n",
    "\n",
    "        loss = calc_loss(X, y, weights)\n",
    "        print(f\"Loss: {loss}\")\n",
    "        print(f\"Weights: {weights}\")\n",
    "        # Step 4: Check for convergence\n",
    "        if loss < tolerance:\n",
    "            break\n",
    "\n",
    "    return weights\n",
    "\n",
    "# Add bias term (x0) to the data\n",
    "X_with_bias = np.column_stack((np.ones(len(data_x)), data_x))\n",
    "\n",
    "# Perform Newton-based logistic regression\n",
    "weights = newton_logistic_regression(X_with_bias, data_y)\n",
    "\n",
    "print(\"Final Weights:\", weights)"
   ]
  },
  {
   "cell_type": "code",
   "execution_count": 62,
   "metadata": {},
   "outputs": [
    {
     "data": {
